1	金币1	0	0	1	0	0	255
2	金创药(小量)	0	0	1	0	0	255
2	魔法药(小量)	0	0	1	0	0	255
1	肉	0	0	1	0	0	255
3	布衣(男)	0	0	1	0	0	255
3	布衣(女)	0	0	1	0	0	255
4	木剑	0	0	1	0	0	255
4	铁剑	0	0	1	0	0	255
4	青铜剑	0	0	1	0	0	255
3	轻型盔甲(男)	0	0	1	0	0	255
3	轻型盔甲(女)	0	0	1	0	0	255
2	干肉	0	0	1	0	0	255
2	包子	0	0	1	0	0	255
4	凝霜	0	0	1	0	0	255
1	火球术	0	0	1	0	0	255
1	治愈术	0	0	1	0	0	255
1	基本剑术	0	0	1	0	0	255
7	蜡烛	0	0	1	0	0	255
4	短剑	0	0	1	0	0	255
1	精神力战法	0	0	1	0	0	255
4	青铜斧	0	0	1	0	0	255
3	重盔甲(女)	0	0	1	0	0	255
3	魔法长袍(女)	0	0	1	0	0	255
3	灵魂战衣(女)	0	0	1	0	0	255
3	重盔甲(男)	0	0	1	0	0	255
3	魔法长袍(男)	0	0	1	0	0	255
3	灵魂战衣(男)	0	0	1	0	0	255
1	大火球	0	0	1	0	0	255
1	攻杀剑术	0	0	1	0	0	255
1	施毒术	0	0	1	0	0	255
4	匕首	0	0	1	0	0	255
4	井中月	0	0	1	0	0	255
4	银蛇	0	0	1	0	0	255
4	海魂	0	0	1	0	0	255
4	修罗	0	0	1	0	0	255
4	炼狱	0	0	1	0	0	255
4	凌风	0	0	1	0	0	255
4	破魂	0	0	1	0	0	255
4	斩马刀	0	0	1	0	0	255
1	食人树叶	0	0	1	0	0	255
1	毒蜘蛛牙齿	0	0	1	0	0	255
1	食人树的果实	0	0	1	0	0	255
1	蝎子的尾巴	0	0	1	0	0	255
1	蛆卵	0	0	1	0	0	255
2	灰色药粉(少量)	0	0	1	0	0	255
2	黄色药粉(少量)	0	0	1	0	0	255
5	古铜戒指	0	0	1	0	0	255
5	青铜头盔	0	0	1	0	0	255
5	金项链	0	0	1	0	0	255
5	铁手镯	0	0	1	0	0	255
2	灰色药粉(中量)	0	0	1	0	0	255
2	灰色药粉(大量)	0	0	1	0	0	255
2	黄色药粉(中量)	0	0	1	0	0	255
2	黄色药粉(大量)	0	0	1	0	0	255
4	乌木剑	0	0	1	0	0	255
4	魔杖	0	0	1	0	0	255
4	八荒	0	0	1	0	0	255
1	鸡肉	0	0	1	0	0	255
5	玻璃戒指	0	0	1	0	0	255
5	牛角戒指	0	0	1	0	0	255
5	蓝色水晶戒指	0	0	1	0	0	255
5	六角戒指	0	0	1	0	0	255
5	黑檀项链	0	0	1	0	0	255
5	黄色水晶项链	0	0	1	0	0	255
5	黑色水晶项链	0	0	1	0	0	255
5	魔法头盔	0	0	1	0	0	255
1	沃玛号角	0	0	1	0	0	255
4	半月	0	0	1	0	0	255
5	皮制手套	0	0	1	0	0	255
5	坚固手套	0	0	1	0	0	255
5	钢手镯	0	0	1	0	0	255
5	生铁戒指	0	0	1	0	0	255
5	金戒指	0	0	1	0	0	255
5	灯笼项链	0	0	1	0	0	255
5	白色虎齿项链	0	0	1	0	0	255
5	魅力戒指	0	0	1	0	0	255
5	道德戒指	0	0	1	0	0	255
5	白金项链	0	0	1	0	0	255
5	降妖除魔戒指	0	0	1	0	0	255
5	躲避手链	0	0	1	0	0	255
1	地牢逃脱卷	0	0	1	0	0	255
4	偃月	0	0	1	0	0	255
4	降魔	0	0	1	0	0	255
5	传统项链	0	0	1	0	0	255
5	小手镯	0	0	1	0	0	255
5	银手镯	0	0	1	0	0	255
5	大手镯	0	0	1	0	0	255
4	鹤嘴锄	0	0	1	0	0	255
5	隐身戒指	0	0	1	0	0	255
1	抗拒火环	0	0	1	0	0	255
1	地狱火	0	0	1	0	0	255
1	雷电术	0	0	1	0	0	255
1	疾光电影	0	0	1	0	0	255
1	灵魂火符	0	0	1	0	0	255
1	幽灵盾	0	0	1	0	0	255
1	神圣战甲术	0	0	1	0	0	255
2	金创药(中量)	0	0	1	0	0	255
2	魔法药(中量)	0	0	1	0	0	255
5	黑色水晶戒指	0	0	1	0	0	255
5	魔鬼项链	0	0	1	0	0	255
5	珊瑚戒指	0	0	1	0	0	255
5	蓝翡翠项链	0	0	1	0	0	255
5	蛇眼戒指	0	0	1	0	0	255
5	琥珀项链	0	0	1	0	0	255
2	护身符	0	0	1	0	0	255
1	刺杀剑术	0	0	1	0	0	255
5	放大镜	0	0	1	0	0	255
5	红宝石戒指	0	0	1	0	0	255
5	珍珠戒指	0	0	1	0	0	255
5	竹笛	0	0	1	0	0	255
5	铂金戒指	0	0	1	0	0	255
5	骷髅戒指	0	0	1	0	0	255
5	龙之戒指	0	0	1	0	0	255
5	死神手套	0	0	1	0	0	255
5	骷髅头盔	0	0	1	0	0	255
5	魔法手镯	0	0	1	0	0	255
5	金手镯	0	0	1	0	0	255
5	道士头盔	0	0	1	0	0	255
5	传送戒指	0	0	1	0	0	255
5	尽力手镯	0	0	1	0	0	255
5	骑士手镯	0	0	1	0	0	255
5	绿色项链	0	0	1	0	0	255
5	凤凰明珠	0	0	1	0	0	255
5	道士手镯	0	0	1	0	0	255
5	三眼手镯	0	0	1	0	0	255
5	灵魂项链	0	0	1	0	0	255
5	黑檀手镯	0	0	1	0	0	255
5	思贝儿手镯	0	0	1	0	0	255
5	恶魔铃铛	0	0	1	0	0	255
1	铜矿	0	0	1	0	0	255
1	铁矿	0	0	1	0	0	255
1	银矿	0	0	1	0	0	255
1	金矿	0	0	1	0	0	255
1	战神油	0	0	1	0	0	255
1	回城卷	0	0	1	0	0	255
1	祝福油	0	0	1	0	0	255
5	麻痹戒指	0	0	1	0	0	255
5	复活戒指	0	0	1	0	0	255
5	火焰戒指	0	0	1	0	0	255
5	防御戒指	0	0	1	0	0	255
5	愤怒戒指	0	0	1	0	0	255
5	护身戒指	0	0	1	0	0	255
5	超负载戒指	0	0	1	0	0	255
5	技巧项链	0	0	1	0	0	255
5	狂风戒指	0	0	1	0	0	255
5	夏普儿手镯	0	0	1	0	0	255
5	狂风项链	0	0	1	0	0	255
5	辟邪手镯	0	0	1	0	0	255
5	探测项链	0	0	1	0	0	255
1	困魔咒	0	0	1	0	0	255
1	召唤骷髅	0	0	1	0	0	255
1	隐身术	0	0	1	0	0	255
1	集体隐身术	0	0	1	0	0	255
1	诱惑之光	0	0	1	0	0	255
1	瞬息移动	0	0	1	0	0	255
1	火墙	0	0	1	0	0	255
1	爆裂火焰	0	0	1	0	0	255
1	地狱雷光	0	0	1	0	0	255
1	半月弯刀	0	0	1	0	0	255
2	太阳水	0	0	1	0	0	255
1	祖玛头像	0	0	1	0	0	255
2	强效金创药	0	0	1	0	0	255
2	强效魔法药	0	0	1	0	0	255
1	随机传送卷	0	0	1	0	0	255
4	无极棍	0	0	1	0	0	255
4	血饮	0	0	1	0	0	255
4	裁决之杖	0	0	1	0	0	255
5	记忆戒指	0	0	1	0	0	255
5	记忆项链	0	0	1	0	0	255
5	记忆手镯	0	0	1	0	0	255
5	记忆头盔	0	0	1	0	0	255
4	祈祷之刃	0	0	1	0	0	255
5	祈祷手镯	0	0	1	0	0	255
5	祈祷项链	0	0	1	0	0	255
5	祈祷戒指	0	0	1	0	0	255
5	祈祷头盔	0	0	1	0	0	255
1	行会回城卷	0	0	1	0	0	255
1	修复油	0	0	1	0	0	255
1	黑铁矿石	0	0	1	0	0	255
5	生命项链	0	0	1	0	0	255
5	力量戒指	0	0	1	0	0	255
5	心灵手镯	0	0	1	0	0	255
5	黑铁头盔	0	0	1	0	0	255
1	烈火剑法	0	0	1	0	0	255
1	野蛮冲撞	0	0	1	0	0	255
1	心灵启示	0	0	1	0	0	255
1	群体治愈术	0	0	1	0	0	255
1	召唤神兽	0	0	1	0	0	255
1	魔法盾	0	0	1	0	0	255
1	圣言术	0	0	1	0	0	255
1	冰咆哮	0	0	1	0	0	255
1	超级金创药	0	0	1	0	0	255
1	超级魔法药	0	0	1	0	0	255
2	强效太阳水	0	0	1	0	0	255
1	骰子	0	0	1	0	0	255
1	木料	0	0	1	0	0	255
4	落魄神兵	0	0	1	0	0	255
1	彩票	0	0	1	0	0	255
3	中型盔甲(男)	0	0	1	0	0	255
3	中型盔甲(女)	0	0	1	0	0	255
1	上网卡	0	0	1	0	0	255
1	正版游戏	0	0	1	0	0	255
2	许中医的药1	0	0	1	0	0	255
2	许中医的药2	0	0	1	0	0	255
2	许中医的药3	0	0	1	0	0	255
1	药剂师的信	0	0	1	0	0	255
4	命运之刃	0	0	1	0	0	255
4	屠龙	0	0	1	0	0	255
4	龙纹剑	0	0	1	0	0	255
4	嗜魂法杖	0	0	1	0	0	255
5	紫碧螺	0	0	1	0	0	255
5	泰坦戒指	0	0	1	0	0	255
5	幽灵手套	0	0	1	0	0	255
5	阎罗手套	0	0	1	0	0	255
5	龙之手镯	0	0	1	0	0	255
5	天珠项链	0	0	1	0	0	255
5	幽灵项链	0	0	1	0	0	255
7	火把	0	0	1	0	0	255
5	头盔	0	0	1	0	0	255
2	鹿茸	0	0	1	0	0	255
4	骨玉权杖	0	0	1	0	0	255
5	神秘戒指	0	0	1	0	0	255
5	神秘腰带	0	0	1	0	0	255
5	神秘头盔	0	0	1	0	0	255
2	神水	0	0	1	0	0	255
1	命运之书	0	0	1	0	0	255
1	金条	0	0	1	0	0	255
2	米糕	0	0	1	0	0	255
2	鹿血	0	0	1	0	0	255
5	生灵戒指	0	0	1	0	0	255
5	生灵手镯	0	0	1	0	0	255
5	生灵项链	0	0	1	0	0	255
5	魔力戒指	0	0	1	0	0	255
5	魔力手镯	0	0	1	0	0	255
5	魔力项链	0	0	1	0	0	255
1	佛牌	0	0	1	0	0	255
1	介绍信	0	0	1	0	0	255
2	疗伤药	0	0	1	0	0	255
1	薄荷叶	0	0	1	0	0	255
5	祈福项链	0	0	1	0	0	255
4	牢犯匕首	0	0	1	0	0	255
3	恶魔长袍(女)	0	0	1	0	0	255
3	恶魔长袍(男)	0	0	1	0	0	255
3	幽灵战衣(女)	0	0	1	0	0	255
3	幽灵战衣(男)	0	0	1	0	0	255
3	战神盔甲(男)	0	0	1	0	0	255
3	战神盔甲(女)	0	0	1	0	0	255
1	MP3随身听	0	0	1	0	0	255
1	AMD芯片	0	0	1	0	0	255
1	液晶显示器	0	0	1	0	0	255
1	时尚手机	0	0	1	0	0	255
1	数码相机	0	0	1	0	0	255
1	山洞凭证	0	0	1	0	0	255
1	筹码	0	0	1	0	0	255
2	特殊药水	0	0	1	0	0	255
2	万年雪霜	0	0	1	0	0	255
1	金创药(小)包	0	0	1	0	0	255
1	魔法药(小)包	0	0	1	0	0	255
1	金创药(中)包	0	0	1	0	0	255
1	魔法药(中)包	0	0	1	0	0	255
1	地牢逃脱卷包	0	0	1	0	0	255
1	随机传送卷包	0	0	1	0	0	255
1	回城卷包	0	0	1	0	0	255
1	行会回城卷包	0	0	1	0	0	255
1	筹码包	0	0	1	0	0	255
5	魔法头盔	0	0	1	0	0	255
5	求婚戒指	0	0	1	0	0	255
4	血剑	0	0	1	0	0	255
1	金砖	0	0	1	0	0	255
1	宝箱	0	0	1	0	0	255
2	护身符(大)	0	0	1	0	0	255
2	面条	0	0	1	0	0	255
5	圣战头盔	0	0	1	0	0	255
5	法神头盔	0	0	1	0	0	255
5	天尊头盔	0	0	1	0	0	255
5	圣战手镯	0	0	1	0	0	255
5	法神手镯	0	0	1	0	0	255
5	天尊手镯	0	0	1	0	0	255
5	圣战戒指	0	0	1	0	0	255
5	法神戒指	0	0	1	0	0	255
5	天尊戒指	0	0	1	0	0	255
5	圣战项链	0	0	1	0	0	255
5	法神项链	0	0	1	0	0	255
5	天尊项链	0	0	1	0	0	255
4	罗刹	0	0	1	0	0	255
1	攻击神水	0	0	1	0	0	255
1	魔力神水	0	0	1	0	0	255
1	精神神水	0	0	1	0	0	255
1	极速神水	0	0	1	0	0	255
1	体力强效神水	0	0	1	0	0	255
1	魔力强效神水	0	0	1	0	0	255
1	金条包	0	0	1	0	0	255
1	金盒	0	0	1	0	0	255
4	赤血魔剑	0	0	1	0	0	255
5	魔血戒指	0	0	1	0	0	255
5	魔血手镯	0	0	1	0	0	255
5	魔血项链	0	0	1	0	0	255
5	虹魔戒指	0	0	1	0	0	255
5	虹魔手镯	0	0	1	0	0	255
5	虹魔项链	0	0	1	0	0	255
1	血剑碎片	0	0	1	0	0	255
5	道神戒指	0	0	1	0	0	255
5	道神手镯	0	0	1	0	0	255
5	道神项链	0	0	1	0	0	255
1	玉水晶	0	0	1	0	0	255
1	血魔心脏	0	0	1	0	0	255
1	魔血油	0	0	1	0	0	255
1	红蛇果	0	0	1	0	0	255
7	火炬	0	0	1	0	0	255
5	星王冠	0	0	1	0	0	255
7	荣誉勋章11号	0	0	1	0	0	255
7	荣誉勋章12号	0	0	1	0	0	255
7	荣誉勋章13号	0	0	1	0	0	255
7	荣誉勋章14号	0	0	1	0	0	255
7	荣誉勋章15号	0	0	1	0	0	255
7	荣誉勋章21号	0	0	1	0	0	255
7	荣誉勋章22号	0	0	1	0	0	255
7	荣誉勋章23号	0	0	1	0	0	255
7	荣誉勋章24号	0	0	1	0	0	255
7	荣誉勋章25号	0	0	1	0	0	255
7	荣誉勋章31号	0	0	1	0	0	255
7	荣誉勋章32号	0	0	1	0	0	255
7	荣誉勋章33号	0	0	1	0	0	255
7	荣誉勋章34号	0	0	1	0	0	255
7	荣誉勋章35号	0	0	1	0	0	255
7	荣誉勋章41号	0	0	1	0	0	255
7	荣誉勋章42号	0	0	1	0	0	255
7	荣誉勋章43号	0	0	1	0	0	255
7	荣誉勋章44号	0	0	1	0	0	255
7	荣誉勋章45号	0	0	1	0	0	255
4	怒斩	0	0	1	0	0	255
4	龙牙	0	0	1	0	0	255
4	逍遥扇	0	0	1	0	0	255
4	留香	0	0	1	0	0	255
3	鬼面铠甲(男)	0	0	1	0	0	255
3	火龙魔衣(男)	0	0	1	0	0	255
3	玄天宝衣(男)	0	0	1	0	0	255
3	鬼面铠甲(女)	0	0	1	0	0	255
3	火龙魔衣(女)	0	0	1	0	0	255
3	玄天宝衣(女)	0	0	1	0	0	255
7	参赛证	0	0	1	0	0	255
4	大风起兮云飞扬	0	0	1	0	0	255
4	几施经略挫雄豪	0	0	1	0	0	255
4	天下谁人不识君	0	0	1	0	0	255
4	雏凤清于老凤声	0	0	1	0	0	255
4	人生乐在相知心	0	0	1	0	0	255
4	只羡鸳鸯不羡仙	0	0	1	0	0	255
4	一代红装照汗青	0	0	1	0	0	255
1	勋章之心	0	0	1	0	0	255
1	绿宝石矿	0	0	1	0	0	255
1	紫水晶矿	0	0	1	0	0	255
1	幻境凭证	0	0	1	0	0	255
1	魔血石(大)	0	0	1	0	0	255
1	狮子吼	0	0	1	0	0	255
1	寒冰掌	0	0	1	0	0	255
1	灭天火	0	0	1	0	0	255
1	气功波	0	0	1	0	0	255
1	无极真气	0	0	1	0	0	255
1	开天斩	0	0	1	0	0	255
1	逐日剑法	0	0	1	0	0	255
1	流星火雨	0	0	1	0	0	255
1	噬血术	0	0	1	0	0	255
1	召唤月灵	0	0	1	0	0	255
1	英雄基本剑术	0	0	1	0	0	255
1	英雄攻杀剑术	0	0	1	0	0	255
1	英雄刺杀剑术	0	0	1	0	0	255
1	英雄半月弯刀	0	0	1	0	0	255
1	英雄野蛮冲撞	0	0	1	0	0	255
1	英雄烈火剑法	0	0	1	0	0	255
1	英雄狮子吼	0	0	1	0	0	255
1	英雄开天斩	0	0	1	0	0	255
1	英雄逐日剑法	0	0	1	0	0	255
1	英雄火球术	0	0	1	0	0	255
1	英雄抗拒火环	0	0	1	0	0	255
1	英雄诱惑之光	0	0	1	0	0	255
1	英雄地狱火	0	0	1	0	0	255
1	英雄雷电术	0	0	1	0	0	255
1	英雄大火球	0	0	1	0	0	255
1	英雄瞬息移动	0	0	1	0	0	255
1	英雄爆裂火焰	0	0	1	0	0	255
1	英雄火墙	0	0	1	0	0	255
1	英雄疾光电影	0	0	1	0	0	255
1	英雄地狱雷光	0	0	1	0	0	255
1	英雄魔法盾	0	0	1	0	0	255
1	英雄圣言术	0	0	1	0	0	255
1	英雄冰咆哮	0	0	1	0	0	255
1	英雄寒冰掌	0	0	1	0	0	255
1	英雄灭天火	0	0	1	0	0	255
1	英雄分身术	0	0	1	0	0	255
1	英雄流星火雨	0	0	1	0	0	255
1	英雄治愈术	0	0	1	0	0	255
1	英雄精神战法	0	0	1	0	0	255
1	英雄施毒术	0	0	1	0	0	255
1	英雄灵魂火符	0	0	1	0	0	255
1	英雄召唤骷髅	0	0	1	0	0	255
1	英雄隐身术	0	0	1	0	0	255
1	英雄集体隐身	0	0	1	0	0	255
1	英雄幽灵盾	0	0	1	0	0	255
1	英雄神圣战甲	0	0	1	0	0	255
1	英雄心灵启示	0	0	1	0	0	255
1	英雄困魔咒	0	0	1	0	0	255
1	英雄气功波	0	0	1	0	0	255
1	英雄群体治疗	0	0	1	0	0	255
1	英雄召唤神兽	0	0	1	0	0	255
1	英雄无极真气	0	0	1	0	0	255
1	英雄召唤月灵	0	0	1	0	0	255
1	英雄噬血术	0	0	1	0	0	255
1	破魂斩	0	0	1	0	0	255
1	劈星斩	0	0	1	0	0	255
1	雷霆一击	0	0	1	0	0	255
1	噬魂沼泽	0	0	1	0	0	255
1	末日审判	0	0	1	0	0	255
1	火龙气焰	0	0	1	0	0	255
2	修复神水	0	0	1	0	0	255
7	布鞋	0	0	1	0	0	255
7	鹿皮靴	0	0	1	0	0	255
7	紫绸靴	0	0	1	0	0	255
7	避魂靴	0	0	1	0	0	255
7	兽皮腰带	0	0	1	0	0	255
7	铁腰带	0	0	1	0	0	255
7	青铜腰带	0	0	1	0	0	255
7	钢铁腰带	0	0	1	0	0	255
4	独孤九剑	0	0	1	0	0	255
4	映邪天神	0	0	1	0	0	255
4	太极慧剑	0	0	1	0	0	255
3	天衣无缝(男)	0	0	1	0	0	255
3	天衣无缝(女)	0	0	1	0	0	255
5	水波项链	0	0	1	0	0	255
5	金刚铃项链	0	0	1	0	0	255
5	镇魂项链	0	0	1	0	0	255
5	八极手镯	0	0	1	0	0	255
5	抗魔手镯	0	0	1	0	0	255
5	伏魔手镯	0	0	1	0	0	255
5	白驼臂铠	0	0	1	0	0	255
5	魂锁护腕	0	0	1	0	0	255
5	太极护腕	0	0	1	0	0	255
5	沃玛指环	0	0	1	0	0	255
5	鬼刃指环	0	0	1	0	0	255
5	心意指环	0	0	1	0	0	255
5	无极戒指	0	0	1	0	0	255
5	雷雳戒指	0	0	1	0	0	255
5	太极戒指	0	0	1	0	0	255
5	黑狐项链	0	0	1	0	0	255
5	黑月神璎	0	0	1	0	0	255
5	红狐项链	0	0	1	0	0	255
5	赤月神璎	0	0	1	0	0	255
5	蓝狐项链	0	0	1	0	0	255
5	悲月神璎	0	0	1	0	0	255
5	黑狐护腕	0	0	1	0	0	255
5	黑月臂铠	0	0	1	0	0	255
5	红狐护腕	0	0	1	0	0	255
5	紫缎臂铠	0	0	1	0	0	255
5	蓝狐护腕	0	0	1	0	0	255
5	苍绸臂铠	0	0	1	0	0	255
5	黑狐戒指	0	0	1	0	0	255
5	墨素指环	0	0	1	0	0	255
5	红狐戒指	0	0	1	0	0	255
5	红花指环	0	0	1	0	0	255
5	蓝狐戒指	0	0	1	0	0	255
5	素雪指环	0	0	1	0	0	255
3	破凰天魔衣(男)	0	0	1	0	0	255
3	破凰天魔衣(女)	0	0	1	0	0	255
4	祖玛裁决之杖	0	0	1	0	0	255
4	封魔屠龙	0	0	1	0	0	255
4	祖玛骨玉权杖	0	0	1	0	0	255
4	封魔嗜魂法杖	0	0	1	0	0	255
4	祖玛无极棍	0	0	1	0	0	255
4	封魔龙纹剑	0	0	1	0	0	255
4	天龙神型夺命剑	0	0	1	0	0	255
3	天龙不死衣(男)	0	0	1	0	0	255
3	天龙不死衣(女)	0	0	1	0	0	255
5	天龙燕月神	0	0	1	0	0	255
5	天龙狂魔轮	0	0	1	0	0	255
5	天龙魂世环	0	0	1	0	0	255
5	天龙除魂帽	0	0	1	0	0	255
7	天龙神形步	0	0	1	0	0	255
7	天龙反向带	0	0	1	0	0	255
1	护心丹	0	0	1	0	0	255
2	超级护身符	0	0	1	0	0	255
2	超级灰色药粉	0	0	1	0	0	255
2	超级黄色药粉	0	0	1	0	0	255
1	分身术	0	0	1	0	0	255
1	气血石(小)	0	0	1	0	0	255
1	气血石(中)	0	0	1	0	0	255
1	气血石(大)	0	0	1	0	0	255
1	幻魔石(小)	0	0	1	0	0	255
1	幻魔石(中)	0	0	1	0	0	255
1	幻魔石(大)	0	0	1	0	0	255
1	魔血石(小)	0	0	1	0	0	255
1	魔血石(中)	0	0	1	0	0	255
2	比奇传送石	0	0	1	0	0	255
2	盟重传送石	0	0	1	0	0	255
2	随机传送石	0	0	1	0	0	255
1	双倍秘籍	0	0	1	0	0	255
1	双倍宝典	0	0	1	0	0	255
2	召唤强化卷	0	0	1	0	0	255
2	虎卫卷轴	0	0	1	0	0	255
2	太阳水捆药绳	0	0	1	0	0	255
2	雪霜捆药绳	0	0	1	0	0	255
2	疗伤药捆药绳	0	0	1	0	0	255
1	强效太阳水包	0	0	1	0	0	255
1	万年雪霜包	0	0	1	0	0	255
1	疗伤药包	0	0	1	0	0	255
1	龙鳞	0	0	1	0	0	255
1	邪眼骷髅	0	0	1	0	0	255
2	金创药(特量)	0	0	1	0	0	255
2	魔法药(特量)	0	0	1	0	0	255
2	金创药(巨量)	0	0	1	0	0	255
2	魔法药(巨量)	0	0	1	0	0	255
1	金创药(特)包	0	0	1	0	0	255
1	魔法药(特)包	0	0	1	0	0	255
1	金创药(巨)包	0	0	1	0	0	255
1	魔法药(巨)包	0	0	1	0	0	255
1	勇猛宝玉	0	0	1	0	0	255
1	魔性宝玉	0	0	1	0	0	255
1	仙界宝玉	0	0	1	0	0	255
1	守护宝玉	0	0	1	0	0	255
1	制魔宝玉	0	0	1	0	0	255
1	集中宝玉	0	0	1	0	0	255
1	疾风宝玉	0	0	1	0	0	255
1	强化神珠	0	0	1	0	0	255
4	钢铁斧	0	0	1	0	0	255
4	火血匕	0	0	1	0	0	255
4	魔血剑	0	0	1	0	0	255
4	黑虎斧	0	0	1	0	0	255
4	神血枪	0	0	1	0	0	255
4	火莲杖	0	0	1	0	0	255
4	龙血剑	0	0	1	0	0	255
4	鹤羽扇	0	0	1	0	0	255
4	炎狱血剑	0	0	1	0	0	255
3	灵晶甲胄(男)	0	0	1	0	0	255
3	灵晶甲胄(女)	0	0	1	0	0	255
3	赤魔甲(男)	0	0	1	0	0	255
3	赤魔甲(女)	0	0	1	0	0	255
3	绿魔甲(男)	0	0	1	0	0	255
3	绿魔甲(女)	0	0	1	0	0	255
3	青魔甲(男)	0	0	1	0	0	255
3	青魔甲(女)	0	0	1	0	0	255
3	监视者铠甲(男)	0	0	1	0	0	255
3	监视者铠甲(女)	0	0	1	0	0	255
3	黑虎甲胄(男)	0	0	1	0	0	255
3	黑虎甲胄(女)	0	0	1	0	0	255
3	莲盛魔衣(男)	0	0	1	0	0	255
3	莲盛魔衣(女)	0	0	1	0	0	255
3	鹤羽圣衣(男)	0	0	1	0	0	255
3	鹤羽圣衣(女)	0	0	1	0	0	255
5	金萤帽	0	0	1	0	0	255
5	金铜头盔	0	0	1	0	0	255
5	钢铁头盔	0	0	1	0	0	255
5	勇士头盔	0	0	1	0	0	255
5	英雄头盔	0	0	1	0	0	255
5	贤人帽	0	0	1	0	0	255
5	通天冠	0	0	1	0	0	255
7	龙行鞋	0	0	1	0	0	255
7	赤燐鞋	0	0	1	0	0	255
7	黄金腰带	0	0	1	0	0	255
7	金刚腰带	0	0	1	0	0	255
7	金纹长靴	0	0	1	0	0	255
5	暴压项链	0	0	1	0	0	255
5	紫晶石项链	0	0	1	0	0	255
5	(残)魔神鬼璎	0	0	1	0	0	255
5	(真)魔神鬼璎	0	0	1	0	0	255
5	斗士项链	0	0	1	0	0	255
5	破碎项链	0	0	1	0	0	255
5	破角	0	0	1	0	0	255
5	金刚陶坠	0	0	1	0	0	255
5	青雷	0	0	1	0	0	255
5	(残)魔玉战璎	0	0	1	0	0	255
5	(真)魔玉战璎	0	0	1	0	0	255
5	紫水晶项链	0	0	1	0	0	255
5	五玄项链	0	0	1	0	0	255
5	幻魔石项链	0	0	1	0	0	255
5	针坠	0	0	1	0	0	255
5	曜紫天坠	0	0	1	0	0	255
5	灵力项链	0	0	1	0	0	255
5	(残)昆仑眼泪	0	0	1	0	0	255
5	(真)昆仑眼泪	0	0	1	0	0	255
5	珍玉项链	0	0	1	0	0	255
5	灵玉项链	0	0	1	0	0	255
5	心如明镜	0	0	1	0	0	255
5	秀女十字盘	0	0	1	0	0	255
5	黑铁手镯	0	0	1	0	0	255
5	(残)金娥月轮	0	0	1	0	0	255
5	(真)金娥月轮	0	0	1	0	0	255
5	监视者手套	0	0	1	0	0	255
5	暴压手镯	0	0	1	0	0	255
5	世轮手镯	0	0	1	0	0	255
5	破碎手镯	0	0	1	0	0	255
5	钢铁手套	0	0	1	0	0	255
5	铁魔双轮	0	0	1	0	0	255
5	暴虎归山	0	0	1	0	0	255
5	绿翠手镯	0	0	1	0	0	255
5	魔鬼手镯	0	0	1	0	0	255
5	幻魔石手镯	0	0	1	0	0	255
5	五玄手镯	0	0	1	0	0	255
5	曜火虹轮	0	0	1	0	0	255
5	曜宝探魔轮	0	0	1	0	0	255
5	灵符手镯	0	0	1	0	0	255
5	雪玉手镯	0	0	1	0	0	255
5	灵玉手镯	0	0	1	0	0	255
5	玉女天使	0	0	1	0	0	255
5	五行悟思轮	0	0	1	0	0	255
5	暴压戒指	0	0	1	0	0	255
5	(残)魔神戒指	0	0	1	0	0	255
5	(真)魔神戒指	0	0	1	0	0	255
5	世轮指环	0	0	1	0	0	255
5	虎威戒指	0	0	1	0	0	255
5	破碎戒指	0	0	1	0	0	255
5	盟约戒指	0	0	1	0	0	255
5	金龙之链戒指	0	0	1	0	0	255
5	魔鬼戒指	0	0	1	0	0	255
5	(残)万毒蛛环	0	0	1	0	0	255
5	(真)万毒蛛环	0	0	1	0	0	255
5	绿翠指环	0	0	1	0	0	255
5	幻魔石戒指	0	0	1	0	0	255
5	五玄戒指	0	0	1	0	0	255
5	血玉指环	0	0	1	0	0	255
5	飞曜指环	0	0	1	0	0	255
5	雪玉戒指	0	0	1	0	0	255
5	白玉戒指	0	0	1	0	0	255
5	(残)真云指环	0	0	1	0	0	255
5	(真)真云指环	0	0	1	0	0	255
5	灵符戒指	0	0	1	0	0	255
5	灵玉戒指	0	0	1	0	0	255
5	五行连环	0	0	1	0	0	255
5	金刚伏魔环	0	0	1	0	0	255
1	勇猛精酿[1h]	0	0	1	0	0	255
1	智慧精酿[1h]	0	0	1	0	0	255
1	仙界精酿[1h]	0	0	1	0	0	255
1	狂野精酿[30m]	0	0	1	0	0	255
1	体力精酿[1h]	0	0	1	0	0	255
1	法力精酿[1h]	0	0	1	0	0	255
1	勇猛精酿[3h]	0	0	1	0	0	255
1	智慧精酿[3h]	0	0	1	0	0	255
1	仙界精酿[3h]	0	0	1	0	0	255
1	狂野精酿[1h]	0	0	1	0	0	255
1	体力精酿[3h]	0	0	1	0	0	255
1	法力精酿[3h]	0	0	1	0	0	255
1	勇猛精酿[5h]	0	0	1	0	0	255
1	智慧精酿[5h]	0	0	1	0	0	255
1	仙界精酿[5h]	0	0	1	0	0	255
1	狂野精酿[3h]	0	0	1	0	0	255
1	体力精酿[5h]	0	0	1	0	0	255
1	法力精酿[5h]	0	0	1	0	0	255
7	破坏力火炬[1]	0	0	1	0	0	255
7	魔法力火炬[1]	0	0	1	0	0	255
7	精神力火炬[1]	0	0	1	0	0	255
7	破坏力火炬[3]	0	0	1	0	0	255
7	魔法力火炬[3]	0	0	1	0	0	255
7	精神力火炬[3]	0	0	1	0	0	255
1	经验卷轴30%[1h]	0	0	1	0	0	255
1	经验卷轴30%[3h]	0	0	1	0	0	255
1	经验卷轴30%[5h]	0	0	1	0	0	255
1	经验卷轴30%[24h]	0	0	1	0	0	255
1	经验卷轴3[3h]	0	0	1	0	0	255
1	经验卷轴3[24h]	0	0	1	0	0	255
1	狂暴之力药剂[3h]	0	0	1	0	0	255
1	狂暴之力药剂[24h]	0	0	1	0	0	255
1	无尽能量药剂[30m]	0	0	1	0	0	255
1	装备特修锤	0	0	1	0	0	255
1	装备修理锤	0	0	1	0	0	255
1	雷霆剑法	0	0	1	0	0	255
1	擒龙手	0	0	1	0	0	255
1	双龙斩	0	0	1	0	0	255
1	龙影剑法	0	0	1	0	0	255
1	净化术	0	0	1	0	0	255
1	剑气爆	0	0	1	0	0	255
1	护身气幕	0	0	1	0	0	255
1	嗜血术	0	0	1	0	0	255
1	天务	0	0	1	0	0	255
1	天霜冰环	0	0	1	0	0	255
1	火龙气焰	0	0	1	0	0	255
1	冰焰术	0	0	1	0	0	255
1	深延术	0	0	1	0	0	255
1	瘟疫	0	0	1	0	0	255
1	诅咒术	0	0	1	0	0	255
1	血龙水	0	0	1	0	0	255
1	毒云	0	0	1	0	0	255
1	阴阳盾	0	0	1	0	0	255
5	测试项链	0	0	1	0	0	255
1	英雄雷霆剑法	0	0	1	0	0	255
1	英雄双龙斩	0	0	1	0	0	255
1	英雄龙影剑法	0	0	1	0	0	255
1	英雄嗜血术	0	0	1	0	0	255
1	英雄净化术	0	0	1	0	0	255
1	南蛮远古神石	0	0	1	0	0	255
1	金币	0	0	1	0	0	255
