;
;名字                         race      地图        x      y      脸    身体
;  
;                             0 (店主)
;                             1 (国王)
;                             2 (沙布科城堡官员)
国王                          1         0122       29      32      0      8
沙巴克城堡官员                 2         0150       7       16      0      8
老人                          0         3          669     338     0      1
    
; name          race      mapNum     x     y       fTile bTile
;--------------------------------------------------------------
传送员           0         0          330    264    0     8
传送员           0         0          287    614    0     8
传送员           0         0          640    624    0     8
传送员           0         2          499    483    0     8
传送员           0         3          339    333    0     8
传送员           0         4          241    195    0     8
传送员           0         5          141    332    0     8
传送员           0        11          181    322    0     8
召唤师			0		0			316    269		0		8
雇佣商人			0		0			318    267		0		8
回收商人			0		0			334    268		0		8
快捷收购员			0		0			326    269		0		10
魔龙之脑 0 66 213 52 0 41
远古骷髅传送员 0 D003 353 234 0 29
远古石墓传送员 0 D715 269 86 0 29
远古沃玛传送员 0 D023 332 38 0 29
远古祖玛传送员 0 D504 210 347 0 29
拍卖师 0 0 304 254 0 25
