1,金币,0,1,1,0,0
1,金创药(小量),0,0,1,0,0
1,魔法药(小量),0,0,1,0,0
1,肉,0,0,1,0,0
1,布衣(男),0,0,1,0,0
1,布衣(女),0,0,1,0,0
1,木剑,0,0,1,0,0
1,铁剑,0,0,1,0,0
1,青铜剑,0,0,1,0,0
1,轻型盔甲(男),0,0,1,0,0
1,轻型盔甲(女),0,0,1,0,0
1,干肉,0,0,1,0,0
1,包子,0,0,1,0,0
1,凝霜,0,1,1,0,0
1,火球术,0,0,1,0,0
1,治愈术,0,0,1,0,0
1,基本剑术,0,0,1,0,0
1,蜡烛,0,0,1,0,0
1,短剑,0,0,1,0,0
1,精神力战法,0,0,1,0,0
1,青铜斧,0,0,1,0,0
1,重盔甲(女),0,1,1,0,0
1,魔法长袍(女),0,1,1,0,0
1,灵魂战衣(女),0,1,1,0,0
1,重盔甲(男),0,1,1,0,0
1,魔法长袍(男),0,1,1,0,0
1,灵魂战衣(男),0,1,1,0,0
1,大火球,0,0,1,0,0
1,攻杀剑术,0,0,1,0,0
1,施毒术,0,0,1,0,0
1,匕首,0,0,1,0,0
1,井中月,0,1,1,0,0
1,银蛇,0,1,1,0,0
1,海魂,0,0,1,0,0
1,修罗,0,1,1,0,0
1,炼狱,0,1,1,0,0
1,凌风,0,1,1,0,0
1,破魂,0,1,1,0,0
1,斩马刀,0,1,1,0,0
1,食人树叶,0,1,1,0,0
1,毒蜘蛛牙齿,0,1,1,0,0
1,食人树的果实,0,1,1,0,0
1,蝎子的尾巴,0,1,1,0,0
1,蛆卵,0,1,1,0,0
1,灰色药粉(少量),0,1,1,0,0
1,黄色药粉(少量),0,1,1,0,0
1,古铜戒指,0,0,1,0,0
1,青铜头盔,0,0,1,0,0
1,金项链,0,0,1,0,0
1,铁手镯,0,0,1,0,0
1,灰色药粉(中量),0,1,1,0,0
1,灰色药粉(大量),0,1,1,0,0
1,黄色药粉(中量),0,1,1,0,0
1,黄色药粉(大量),0,1,1,0,0
1,乌木剑,0,1,1,0,0
1,魔杖,0,1,1,0,0
1,八荒,0,1,1,0,0
1,鸡肉,0,1,1,0,0
1,玻璃戒指,0,0,1,0,0
1,牛角戒指,0,0,1,0,0
1,蓝色水晶戒指,0,0,1,0,0
1,六角戒指,0,0,1,0,0
1,黑檀项链,0,0,1,0,0
1,黄色水晶项链,0,0,1,0,0
1,黑色水晶项链,0,0,1,0,0
1,魔法头盔,0,0,1,0,0
1,沃玛号角,0,1,1,0,0
1,半月,0,1,1,0,0
1,皮制手套,0,0,1,0,0
1,坚固手套,0,1,1,0,0
1,钢手镯,0,0,1,0,0
1,生铁戒指,0,0,1,0,0
1,金戒指,0,1,1,0,0
1,灯笼项链,0,0,1,0,0
1,白色虎齿项链,0,0,1,0,0
1,魅力戒指,0,1,1,0,0
1,道德戒指,0,1,1,0,0
1,白金项链,0,0,1,0,0
1,降妖除魔戒指,0,1,1,0,0
1,躲避手链,0,1,1,0,0
1,地牢逃脱卷,0,1,1,0,0
1,偃月,0,1,1,0,0
1,降魔,0,1,1,0,0
1,传统项链,0,0,1,0,0
1,小手镯,0,0,1,0,0
1,银手镯,0,0,1,0,0
1,大手镯,0,1,1,0,0
1,鹤嘴锄,0,1,1,0,0
1,隐身戒指,0,1,1,0,0
1,抗拒火环,0,0,1,0,0
1,地狱火,0,0,1,0,0
1,雷电术,0,0,1,0,0
1,疾光电影,0,1,1,0,0
1,灵魂火符,0,0,1,0,0
1,幽灵盾,0,1,1,0,0
1,神圣战甲术,0,1,1,0,0
1,金创药(中量),0,1,1,0,0
1,魔法药(中量),0,1,1,0,0
1,黑色水晶戒指,0,0,1,0,0
1,魔鬼项链,0,0,1,0,0
1,珊瑚戒指,0,1,1,0,0
1,蓝翡翠项链,0,1,1,0,0
1,蛇眼戒指,0,0,1,0,0
1,琥珀项链,0,0,1,0,0
1,护身符,0,1,1,0,0
1,刺杀剑术,0,1,1,0,0
1,放大镜,0,1,1,0,0
1,红宝石戒指,0,1,1,0,0
1,珍珠戒指,0,0,1,0,0
1,竹笛,0,1,1,0,0
1,铂金戒指,0,1,1,0,0
1,骷髅戒指,0,1,1,0,0
1,龙之戒指,0,1,1,0,0
1,死神手套,0,1,1,0,0
1,骷髅头盔,0,1,1,0,0
1,魔法手镯,0,1,1,0,0
1,金手镯,0,1,1,0,0
1,道士头盔,0,1,1,0,0
1,传送戒指,0,1,1,0,0
1,尽力手镯,0,0,1,0,0
1,骑士手镯,0,1,1,0,0
1,绿色项链,0,1,1,0,0
1,凤凰明珠,0,0,1,0,0
1,道士手镯,0,1,1,0,0
1,三眼手镯,0,1,1,0,0
1,灵魂项链,0,1,1,0,0
1,黑檀手镯,0,1,1,0,0
1,思贝儿手镯,0,1,1,0,0
1,恶魔铃铛,0,1,1,0,0
1,铜矿,0,1,1,0,0
1,铁矿,0,1,1,0,0
1,银矿,0,1,1,0,0
1,金矿,0,1,1,0,0
1,战神油,0,1,1,0,0
1,回城卷,0,1,1,0,0
1,祝福油,0,1,1,0,0
1,麻痹戒指,0,1,1,0,0
1,复活戒指,0,1,1,0,0
1,火焰戒指,0,1,1,0,0
1,防御戒指,0,1,1,0,0
1,愤怒戒指,0,1,1,0,0
1,护身戒指,0,1,1,0,0
1,超负载戒指,0,1,1,0,0
1,技巧项链,0,1,1,0,0
1,狂风戒指,0,1,1,0,0
1,夏普儿手镯,0,1,1,0,0
1,狂风项链,0,1,1,0,0
1,辟邪手镯,0,1,1,0,0
1,探测项链,0,1,1,0,0
1,困魔咒,0,1,1,0,0
1,召唤骷髅,0,0,1,0,0
1,隐身术,0,0,1,0,0
1,集体隐身术,0,0,1,0,0
1,诱惑之光,0,0,1,0,0
1,瞬息移动,0,0,1,0,0
1,火墙,0,0,1,0,0
1,爆裂火焰,0,0,1,0,0
1,地狱雷光,0,1,1,0,0
1,半月弯刀,0,1,1,0,0
1,太阳水,0,1,1,0,0
1,祖玛头像,0,1,1,0,0
1,强效金创药,0,1,1,0,0
1,强效魔法药,0,1,1,0,0
1,随机传送卷,0,1,1,0,0
1,无极棍,0,1,1,0,0
1,血饮,0,1,1,0,0
1,裁决之杖,0,1,1,0,0
1,记忆戒指,0,1,1,0,0
1,记忆项链,0,1,1,0,0
1,记忆手镯,0,1,1,0,0
1,记忆头盔,0,1,1,0,0
1,祈祷之刃,0,1,1,0,0
1,祈祷手镯,0,1,1,0,0
1,祈祷项链,0,1,1,0,0
1,祈祷戒指,0,1,1,0,0
1,祈祷头盔,0,1,1,0,0
1,行会回城卷,0,1,1,0,0
1,修复油,0,1,1,0,0
1,黑铁矿石,0,1,1,0,0
1,生命项链,0,1,1,0,0
1,力量戒指,0,1,1,0,0
1,心灵手镯,0,1,1,0,0
1,黑铁头盔,0,1,1,0,0
1,烈火剑法,0,1,1,0,0
1,野蛮冲撞,0,1,1,0,0
1,心灵启示,0,1,1,0,0
1,群体治愈术,0,1,1,0,0
1,召唤神兽,0,1,1,0,0
1,魔法盾,0,1,1,0,0
1,圣言术,0,1,1,0,0
1,冰咆哮,0,1,1,0,0
1,超级金创药,0,1,1,0,0
1,超级魔法药,0,1,1,0,0
1,强效太阳水,0,1,1,0,0
1,骰子,0,1,1,0,0
1,木料,0,1,1,0,0
1,落魄神兵,0,1,1,0,0
1,彩票,0,1,1,0,0
1,中型盔甲(男),0,1,1,0,0
1,中型盔甲(女),0,1,1,0,0
1,上网卡,0,1,1,0,0
1,正版游戏,0,1,1,0,0
1,许中医的药1,0,1,1,0,0
1,许中医的药2,0,1,1,0,0
1,许中医的药3,0,1,1,0,0
1,药剂师的信,0,1,1,0,0
1,命运之刃,0,1,1,0,0
1,屠龙,0,1,1,0,0
1,龙纹剑,0,1,1,0,0
1,嗜魂法杖,0,1,1,0,0
1,紫碧螺,0,1,1,0,0
1,泰坦戒指,0,1,1,0,0
1,幽灵手套,0,1,1,0,0
1,阎罗手套,0,1,1,0,0
1,龙之手镯,0,1,1,0,0
1,天珠项链,0,1,1,0,0
1,幽灵项链,0,1,1,0,0
1,火把,0,1,1,0,0
1,头盔,0,1,1,0,0
1,鹿茸,0,1,1,0,0
1,骨玉权杖,0,1,1,0,0
1,神秘戒指,0,1,1,0,0
1,神秘腰带,0,1,1,0,0
1,神秘头盔,0,1,1,0,0
1,神水,0,1,1,0,0
1,命运之书,0,1,1,0,0
1,金条,0,1,1,0,0
1,米糕,0,1,1,0,0
1,鹿血,0,1,1,0,0
1,生灵戒指,0,1,1,0,0
1,生灵手镯,0,1,1,0,0
1,生灵项链,0,1,1,0,0
1,魔力戒指,0,1,1,0,0
1,魔力手镯,0,1,1,0,0
1,魔力项链,0,1,1,0,0
1,佛牌,0,1,1,0,0
1,介绍信,0,1,1,0,0
1,疗伤药,0,1,1,0,0
1,薄荷叶,0,1,1,0,0
1,祈福项链,0,1,1,0,0
1,牢犯匕首,0,1,1,0,0
1,恶魔长袍(女),0,1,1,0,0
1,恶魔长袍(男),0,1,1,0,0
1,幽灵战衣(女),0,1,1,0,0
1,幽灵战衣(男),0,1,1,0,0
1,战神盔甲(男),0,1,1,0,0
1,战神盔甲(女),0,1,1,0,0
1,MP3随身听,0,1,1,0,0
1,AMD芯片,0,1,1,0,0
1,液晶显示器,0,1,1,0,0
1,时尚手机,0,1,1,0,0
1,数码相机,0,1,1,0,0
1,山洞凭证,0,1,1,0,0
1,筹码,0,1,1,0,0
1,特殊药水,0,1,1,0,0
1,万年雪霜,0,1,1,0,0
1,金创药(小)包,0,1,1,0,0
1,魔法药(小)包,0,1,1,0,0
1,金创药(中)包,0,1,1,0,0
1,魔法药(中)包,0,1,1,0,0
1,地牢逃脱卷包,0,1,1,0,0
1,随机传送卷包,0,1,1,0,0
1,回城卷包,0,1,1,0,0
1,行会回城卷包,0,1,1,0,0
1,筹码包,0,1,1,0,0
1,求婚戒指,0,1,1,0,0
1,血剑,0,1,1,0,0
1,金砖,0,1,1,0,0
1,宝箱,0,1,1,0,0
1,护身符(大),0,1,1,0,0
1,面条,0,1,1,0,0
1,圣战头盔,0,1,1,0,0
1,法神头盔,0,1,1,0,0
1,天尊头盔,0,1,1,0,0
1,圣战手镯,0,1,1,0,0
1,法神手镯,0,1,1,0,0
1,天尊手镯,0,1,1,0,0
1,圣战戒指,0,1,1,0,0
1,法神戒指,0,1,1,0,0
1,天尊戒指,0,1,1,0,0
1,圣战项链,0,1,1,0,0
1,法神项链,0,1,1,0,0
1,天尊项链,0,1,1,0,0
1,罗刹,0,1,1,0,0
1,攻击神水,0,0,1,0,0
1,魔力神水,0,0,1,0,0
1,精神神水,0,0,1,0,0
1,极速神水,0,0,1,0,0
1,体力强效神水,0,0,1,0,0
1,魔力强效神水,0,0,1,0,0
1,金条包,0,1,1,0,0
1,金盒,0,1,1,0,0
1,赤血魔剑,0,1,1,0,0
1,魔血戒指,0,1,1,0,0
1,魔血手镯,0,1,1,0,0
1,魔血项链,0,1,1,0,0
1,虹魔戒指,0,1,1,0,0
1,虹魔手镯,0,1,1,0,0
1,虹魔项链,0,1,1,0,0
1,血剑碎片,0,1,1,0,0
1,道神戒指,0,1,1,0,0
1,道神手镯,0,1,1,0,0
1,道神项链,0,1,1,0,0
1,玉水晶,0,1,1,0,0
1,血魔心脏,0,1,1,0,0
1,魔血油,0,1,1,0,0
1,红蛇果,0,1,1,0,0
1,火炬,0,1,1,0,0
1,星王冠,0,1,1,0,0
1,荣誉勋章11号,0,1,1,0,0
1,荣誉勋章12号,0,1,1,0,0
1,荣誉勋章13号,0,1,1,0,0
1,荣誉勋章14号,0,1,1,0,0
1,荣誉勋章15号,0,1,1,0,0
1,荣誉勋章21号,0,1,1,0,0
1,荣誉勋章22号,0,1,1,0,0
1,荣誉勋章23号,0,1,1,0,0
1,荣誉勋章24号,0,1,1,0,0
1,荣誉勋章25号,0,1,1,0,0
1,荣誉勋章31号,0,1,1,0,0
1,荣誉勋章32号,0,1,1,0,0
1,荣誉勋章33号,0,1,1,0,0
1,荣誉勋章34号,0,1,1,0,0
1,荣誉勋章35号,0,1,1,0,0
1,荣誉勋章41号,0,1,1,0,0
1,荣誉勋章42号,0,1,1,0,0
1,荣誉勋章43号,0,1,1,0,0
1,荣誉勋章44号,0,1,1,0,0
1,荣誉勋章45号,0,1,1,0,0
1,怒斩,0,1,1,0,0
1,龙牙,0,1,1,0,0
1,逍遥扇,0,1,1,0,0
1,留香,0,1,1,0,0
1,鬼面铠甲(男),0,1,1,0,0
1,火龙魔衣(男),0,1,1,0,0
1,玄天宝衣(男),0,1,1,0,0
1,鬼面铠甲(女),0,1,1,0,0
1,火龙魔衣(女),0,1,1,0,0
1,玄天宝衣(女),0,1,1,0,0
1,参赛证,0,1,1,0,0
1,大风起兮云飞扬,0,1,1,0,0
1,几施经略挫雄豪,0,1,1,0,0
1,天下谁人不识君,0,1,1,0,0
1,雏凤清于老凤声,0,1,1,0,0
1,人生乐在相知心,0,1,1,0,0
1,只羡鸳鸯不羡仙,0,1,1,0,0
1,一代红装照汗青,0,1,1,0,0
1,勋章之心,0,1,1,0,0
1,绿宝石矿,0,1,1,0,0
1,紫水晶矿,0,1,1,0,0
1,幻境凭证,0,1,1,0,0
1,魔血石(大),0,1,1,0,0
1,狮子吼,0,1,1,0,0
1,寒冰掌,0,1,1,0,0
1,灭天火,0,1,1,0,0
1,气功波,0,1,1,0,0
1,无极真气,0,1,1,0,0
1,开天斩,0,1,1,0,0
1,逐日剑法,0,1,1,0,0
1,流星火雨,0,1,1,0,0
1,噬血术,0,1,1,0,0
1,召唤月灵,0,1,1,0,0
1,英雄基本剑术,0,1,1,0,0
1,英雄攻杀剑术,0,1,1,0,0
1,英雄刺杀剑术,0,1,1,0,0
1,英雄半月弯刀,0,1,1,0,0
1,英雄野蛮冲撞,0,1,1,0,0
1,英雄烈火剑法,0,1,1,0,0
1,英雄狮子吼,0,1,1,0,0
1,英雄开天斩,0,1,1,0,0
1,英雄逐日剑法,0,1,1,0,0
1,英雄火球术,0,1,1,0,0
1,英雄抗拒火环,0,1,1,0,0
1,英雄诱惑之光,0,1,1,0,0
1,英雄地狱火,0,1,1,0,0
1,英雄雷电术,0,1,1,0,0
1,英雄大火球,0,1,1,0,0
1,英雄瞬息移动,0,1,1,0,0
1,英雄爆裂火焰,0,1,1,0,0
1,英雄火墙,0,1,1,0,0
1,英雄疾光电影,0,1,1,0,0
1,英雄地狱雷光,0,1,1,0,0
1,英雄魔法盾,0,1,1,0,0
1,英雄圣言术,0,1,1,0,0
1,英雄冰咆哮,0,1,1,0,0
1,英雄寒冰掌,0,1,1,0,0
1,英雄灭天火,0,1,1,0,0
1,英雄分身术,0,1,1,0,0
1,英雄流星火雨,0,1,1,0,0
1,英雄治愈术,0,1,1,0,0
1,英雄精神战法,0,1,1,0,0
1,英雄施毒术,0,1,1,0,0
1,英雄灵魂火符,0,1,1,0,0
1,英雄召唤骷髅,0,1,1,0,0
1,英雄隐身术,0,1,1,0,0
1,英雄集体隐身,0,1,1,0,0
1,英雄幽灵盾,0,1,1,0,0
1,英雄神圣战甲,0,1,1,0,0
1,英雄心灵启示,0,1,1,0,0
1,英雄困魔咒,0,1,1,0,0
1,英雄气功波,0,1,1,0,0
1,英雄群体治疗,0,1,1,0,0
1,英雄召唤神兽,0,1,1,0,0
1,英雄无极真气,0,1,1,0,0
1,英雄召唤月灵,0,1,1,0,0
1,英雄噬血术,0,1,1,0,0
1,破魂斩,0,1,1,0,0
1,劈星斩,0,1,1,0,0
1,雷霆一击,0,1,1,0,0
1,噬魂沼泽,0,1,1,0,0
1,末日审判,0,1,1,0,0
1,火龙气焰,0,1,1,0,0
1,修复神水,0,1,1,0,0
1,布鞋,0,0,1,0,0
1,鹿皮靴,0,1,1,0,0
1,紫绸靴,0,1,1,0,0
1,避魂靴,0,1,1,0,0
1,兽皮腰带,0,0,1,0,0
1,铁腰带,0,1,1,0,0
1,青铜腰带,0,1,1,0,0
1,钢铁腰带,0,1,1,0,0
1,独孤九剑,0,1,1,0,0
1,映邪天神,0,1,1,0,0
1,太极慧剑,0,1,1,0,0
1,天衣无缝(男),0,1,1,0,0
1,天衣无缝(女),0,1,1,0,0
1,水波项链,0,1,1,0,0
1,金刚铃项链,0,1,1,0,0
1,镇魂项链,0,1,1,0,0
1,八极手镯,0,1,1,0,0
1,抗魔手镯,0,1,1,0,0
1,伏魔手镯,0,1,1,0,0
1,白驼臂铠,0,1,1,0,0
1,魂锁护腕,0,1,1,0,0
1,太极护腕,0,1,1,0,0
1,沃玛指环,0,1,1,0,0
1,鬼刃指环,0,1,1,0,0
1,心意指环,0,1,1,0,0
1,无极戒指,0,1,1,0,0
1,雷雳戒指,0,1,1,0,0
1,太极戒指,0,1,1,0,0
1,黑狐项链,0,1,1,0,0
1,黑月神璎,0,1,1,0,0
1,红狐项链,0,1,1,0,0
1,赤月神璎,0,1,1,0,0
1,蓝狐项链,0,1,1,0,0
1,悲月神璎,0,1,1,0,0
1,黑狐护腕,0,1,1,0,0
1,黑月臂铠,0,1,1,0,0
1,红狐护腕,0,1,1,0,0
1,紫缎臂铠,0,1,1,0,0
1,蓝狐护腕,0,1,1,0,0
1,苍绸臂铠,0,1,1,0,0
1,黑狐戒指,0,1,1,0,0
1,墨素指环,0,1,1,0,0
1,红狐戒指,0,1,1,0,0
1,红花指环,0,1,1,0,0
1,蓝狐戒指,0,1,1,0,0
1,素雪指环,0,1,1,0,0
1,破凰天魔衣(男),0,1,1,0,0
1,破凰天魔衣(女),0,1,1,0,0
1,祖玛裁决之杖,0,1,1,0,0
1,封魔屠龙,0,1,1,0,0
1,祖玛骨玉权杖,0,1,1,0,0
1,封魔嗜魂法杖,0,1,1,0,0
1,祖玛无极棍,0,1,1,0,0
1,封魔龙纹剑,0,1,1,0,0
1,天龙神型夺命剑,0,1,1,0,0
1,天龙不死衣(男),0,1,1,0,0
1,天龙不死衣(女),0,1,1,0,0
1,天龙燕月神,0,1,1,0,0
1,天龙狂魔轮,0,1,1,0,0
1,天龙魂世环,0,1,1,0,0
1,天龙除魂帽,0,1,1,0,0
1,天龙神形步,0,1,1,0,0
1,天龙反向带,0,1,1,0,0
1,护心丹,0,1,1,0,0
1,超级护身符,0,1,1,0,0
1,超级灰色药粉,0,1,1,0,0
1,超级黄色药粉,0,1,1,0,0
1,分身术,0,1,1,0,0
1,气血石(小),0,1,1,0,0
1,气血石(中),0,1,1,0,0
1,气血石(大),0,1,1,0,0
1,幻魔石(小),0,1,1,0,0
1,幻魔石(中),0,1,1,0,0
1,幻魔石(大),0,1,1,0,0
1,魔血石(小),0,1,1,0,0
1,魔血石(中),0,1,1,0,0
1,比奇传送石,0,1,1,0,0
1,盟重传送石,0,1,1,0,0
1,随机传送石,0,1,1,0,0
1,双倍秘籍,0,1,1,0,0
1,双倍宝典,0,1,1,0,0
1,召唤强化卷,0,1,1,0,0
1,虎卫卷轴,0,1,1,0,0
1,太阳水捆药绳,0,1,1,0,0
1,雪霜捆药绳,0,1,1,0,0
1,疗伤药捆药绳,0,1,1,0,0
1,强效太阳水包,0,1,1,0,0
1,万年雪霜包,0,1,1,0,0
1,疗伤药包,0,1,1,0,0
1,龙鳞,0,1,1,0,0
1,邪眼骷髅,0,1,1,0,0
1,金创药(特量),0,1,1,0,0
1,魔法药(特量),0,1,1,0,0
1,金创药(巨量),0,1,1,0,0
1,魔法药(巨量),0,1,1,0,0
1,金创药(特)包,0,1,1,0,0
1,魔法药(特)包,0,1,1,0,0
1,金创药(巨)包,0,1,1,0,0
1,魔法药(巨)包,0,1,1,0,0
1,勇猛宝玉,0,1,1,0,0
1,魔性宝玉,0,1,1,0,0
1,仙界宝玉,0,1,1,0,0
1,守护宝玉,0,1,1,0,0
1,制魔宝玉,0,1,1,0,0
1,集中宝玉,0,1,1,0,0
1,疾风宝玉,0,1,1,0,0
1,强化神珠,0,1,1,0,0
1,钢铁斧,0,1,1,0,0
1,火血匕,0,1,1,0,0
1,魔血剑,0,1,1,0,0
1,黑虎斧,0,1,1,0,0
1,神血枪,0,1,1,0,0
1,火莲杖,0,1,1,0,0
1,龙血剑,0,1,1,0,0
1,鹤羽扇,0,1,1,0,0
1,炎狱血剑,0,1,1,0,0
1,灵晶甲胄(男),0,1,1,0,0
1,灵晶甲胄(女),0,1,1,0,0
1,赤魔甲(男),0,1,1,0,0
1,赤魔甲(女),0,1,1,0,0
1,绿魔甲(男),0,1,1,0,0
1,绿魔甲(女),0,1,1,0,0
1,青魔甲(男),0,1,1,0,0
1,青魔甲(女),0,1,1,0,0
1,监视者铠甲(男),0,1,1,0,0
1,监视者铠甲(女),0,1,1,0,0
1,黑虎甲胄(男),0,1,1,0,0
1,黑虎甲胄(女),0,1,1,0,0
1,莲盛魔衣(男),0,1,1,0,0
1,莲盛魔衣(女),0,1,1,0,0
1,鹤羽圣衣(男),0,1,1,0,0
1,鹤羽圣衣(女),0,1,1,0,0
1,金萤帽,0,1,1,0,0
1,金铜头盔,0,1,1,0,0
1,钢铁头盔,0,1,1,0,0
1,勇士头盔,0,1,1,0,0
1,英雄头盔,0,1,1,0,0
1,贤人帽,0,1,1,0,0
1,通天冠,0,1,1,0,0
1,龙行鞋,0,1,1,0,0
1,赤鞋,0,1,1,0,0
1,黄金腰带,0,1,1,0,0
1,金刚腰带,0,1,1,0,0
1,金纹长靴,0,1,1,0,0
1,暴压项链,0,1,1,0,0
1,紫晶石项链,0,1,1,0,0
1,(残)魔神鬼璎,0,1,1,0,0
1,(真)魔神鬼璎,0,1,1,0,0
1,斗士项链,0,1,1,0,0
1,破碎项链,0,1,1,0,0
1,破角,0,1,1,0,0
1,金刚陶坠,0,1,1,0,0
1,青雷,0,1,1,0,0
1,(残)魔玉战璎,0,1,1,0,0
1,(真)魔玉战璎,0,1,1,0,0
1,紫水晶项链,0,1,1,0,0
1,五玄项链,0,1,1,0,0
1,幻魔石项链,0,1,1,0,0
1,针坠,0,1,1,0,0
1,曜紫天坠,0,1,1,0,0
1,灵力项链,0,1,1,0,0
1,(残)昆仑眼泪,0,1,1,0,0
1,(真)昆仑眼泪,0,1,1,0,0
1,珍玉项链,0,0,1,0,0
1,灵玉项链,0,1,1,0,0
1,心如明镜,0,1,1,0,0
1,秀女十字盘,0,1,1,0,0
1,黑铁手镯,0,1,1,0,0
1,(残)金娥月轮,0,1,1,0,0
1,(真)金娥月轮,0,1,1,0,0
1,监视者手套,0,1,1,0,0
1,暴压手镯,0,1,1,0,0
1,世轮手镯,0,1,1,0,0
1,破碎手镯,0,1,1,0,0
1,钢铁手套,0,1,1,0,0
1,铁魔双轮,0,1,1,0,0
1,暴虎归山,0,1,1,0,0
1,绿翠手镯,0,1,1,0,0
1,魔鬼手镯,0,1,1,0,0
1,幻魔石手镯,0,1,1,0,0
1,五玄手镯,0,1,1,0,0
1,曜火虹轮,0,1,1,0,0
1,曜宝探魔轮,0,1,1,0,0
1,灵符手镯,0,1,1,0,0
1,雪玉手镯,0,1,1,0,0
1,灵玉手镯,0,1,1,0,0
1,玉女天使,0,1,1,0,0
1,五行悟思轮,0,1,1,0,0
1,暴压戒指,0,1,1,0,0
1,(残)魔神戒指,0,1,1,0,0
1,(真)魔神戒指,0,1,1,0,0
1,世轮指环,0,1,1,0,0
1,虎威戒指,0,1,1,0,0
1,破碎戒指,0,1,1,0,0
1,盟约戒指,0,1,1,0,0
1,金龙之链戒指,0,1,1,0,0
1,魔鬼戒指,0,1,1,0,0
1,(残)万毒蛛环,0,1,1,0,0
1,(真)万毒蛛环,0,1,1,0,0
1,绿翠指环,0,1,1,0,0
1,幻魔石戒指,0,1,1,0,0
1,五玄戒指,0,1,1,0,0
1,血玉指环,0,1,1,0,0
1,飞曜指环,0,1,1,0,0
1,雪玉戒指,0,1,1,0,0
1,白玉戒指,0,0,1,0,0
1,(残)真云指环,0,1,1,0,0
1,(真)真云指环,0,1,1,0,0
1,灵符戒指,0,1,1,0,0
1,灵玉戒指,0,1,1,0,0
1,五行连环,0,1,1,0,0
1,金刚伏魔环,0,1,1,0,0
1,勇猛精酿[1h],0,1,1,0,0
1,智慧精酿[1h],0,1,1,0,0
1,仙界精酿[1h],0,1,1,0,0
1,狂野精酿[30m],0,1,1,0,0
1,体力精酿[1h],0,1,1,0,0
1,法力精酿[1h],0,1,1,0,0
1,勇猛精酿[3h],0,1,1,0,0
1,智慧精酿[3h],0,1,1,0,0
1,仙界精酿[3h],0,1,1,0,0
1,狂野精酿[1h],0,1,1,0,0
1,体力精酿[3h],0,1,1,0,0
1,法力精酿[3h],0,1,1,0,0
1,勇猛精酿[5h],0,1,1,0,0
1,智慧精酿[5h],0,1,1,0,0
1,仙界精酿[5h],0,1,1,0,0
1,狂野精酿[3h],0,1,1,0,0
1,体力精酿[5h],0,1,1,0,0
1,法力精酿[5h],0,1,1,0,0
1,破坏力火炬[1],0,1,1,0,0
1,魔法力火炬[1],0,1,1,0,0
1,精神力火炬[1],0,1,1,0,0
1,破坏力火炬[3],0,1,1,0,0
1,魔法力火炬[3],0,1,1,0,0
1,精神力火炬[3],0,1,1,0,0
1,经验卷轴30%[1h],0,1,1,0,0
1,经验卷轴30%[3h],0,1,1,0,0
1,经验卷轴30%[5h],0,1,1,0,0
1,经验卷轴30%[24h],0,1,1,0,0
1,经验卷轴3[3h],0,1,1,0,0
1,经验卷轴3[24h],0,1,1,0,0
1,狂暴之力药剂[3h],0,1,1,0,0
1,狂暴之力药剂[24h],0,1,1,0,0
1,无尽能量药剂[30m],0,1,1,0,0
1,装备特修锤,0,1,1,0,0
1,装备修理锤,0,1,1,0,0
